8.660254037844387,2.356194490192345,2.186276035465284/8.660254037844387,0.7853981633974483,2.186276035465284
8.660254037844387,0.7853981633974483,2.186276035465284/16.583123951777,1.2490457723982544,1.877073695964566
16.583123951777,1.2490457723982544,1.877073695964566/16.583123951777,1.8925468811915387,1.877073695964566
8.660254037844387,2.356194490192345,2.186276035465284/16.583123951777,1.8925468811915387,1.877073695964566
8.660254037844387,2.356194490192345,0.9553166181245093/8.660254037844387,0.7853981633974483,0.9553166181245093
8.660254037844387,0.7853981633974483,0.9553166181245093/16.583123951777,1.2490457723982544,1.2645189576252271
16.583123951777,1.2490457723982544,1.2645189576252271/16.583123951777,1.8925468811915387,1.2645189576252271
8.660254037844387,2.356194490192345,0.9553166181245093/16.583123951777,1.8925468811915387,1.2645189576252271
8.660254037844387,2.356194490192345,2.186276035465284/8.660254037844387,2.356194490192345,0.9553166181245093
8.660254037844387,0.7853981633974483,2.186276035465284/8.660254037844387,0.7853981633974483,0.9553166181245093
16.583123951777,1.8925468811915387,1.877073695964566/16.583123951777,1.8925468811915387,1.2645189576252271
16.583123951777,1.2490457723982544,1.877073695964566/16.583123951777,1.2490457723982544,1.2645189576252271
