12.24744871391589,2.0344439357957027,1.1502619915109316/12.24744871391589,1.1071487177940904,1.1502619915109316
12.24744871391589,2.0344439357957027,1.1502619915109316/8.660254037844387,2.356194490192345,0.9553166181245093
12.24744871391589,1.1071487177940904,1.1502619915109316/8.660254037844387,0.7853981633974483,0.9553166181245093
8.660254037844387,2.356194490192345,0.9553166181245093/8.660254037844387,0.7853981633974483,0.9553166181245093
12.24744871391589,2.0344439357957027,1.9913306620788618/12.24744871391589,1.1071487177940904,1.9913306620788618
12.24744871391589,2.0344439357957027,1.9913306620788618/8.660254037844387,2.356194490192345,2.186276035465284
12.24744871391589,1.1071487177940904,1.9913306620788618/8.660254037844387,0.7853981633974483,2.186276035465284
8.660254037844387,2.356194490192345,2.186276035465284/8.660254037844387,0.7853981633974483,2.186276035465284
12.24744871391589,2.0344439357957027,1.1502619915109316/12.24744871391589,2.0344439357957027,1.9913306620788618
12.24744871391589,1.1071487177940904,1.1502619915109316/12.24744871391589,1.1071487177940904,1.9913306620788618
8.660254037844387,2.356194490192345,0.9553166181245093/8.660254037844387,2.356194490192345,2.186276035465284
8.660254037844387,0.7853981633974483,0.9553166181245093/8.660254037844387,0.7853981633974483,2.186276035465284
